8.149999999999999467e-01
7.349999999999999867e-01
7.399999999999999911e-01
8.149999999999999467e-01
8.149999999999999467e-01
7.299999999999999822e-01
7.199999999999999734e-01
7.299999999999999822e-01
8.149999999999999467e-01
7.299999999999999822e-01
7.149999999999999689e-01
8.149999999999999467e-01
7.299999999999999822e-01
8.149999999999999467e-01
7.399999999999999911e-01
7.299999999999999822e-01
7.399999999999999911e-01
7.199999999999999734e-01
7.149999999999999689e-01
7.349999999999999867e-01
7.449999999999999956e-01
8.149999999999999467e-01
8.149999999999999467e-01
7.149999999999999689e-01
8.149999999999999467e-01
8.149999999999999467e-01
7.299999999999999822e-01
7.299999999999999822e-01
8.149999999999999467e-01
8.149999999999999467e-01
7.149999999999999689e-01
7.349999999999999867e-01
8.149999999999999467e-01
7.449999999999999956e-01
8.149999999999999467e-01
8.149999999999999467e-01
8.149999999999999467e-01
7.199999999999999734e-01
8.149999999999999467e-01
7.299999999999999822e-01
7.349999999999999867e-01
7.049999999999999600e-01
7.249999999999999778e-01
7.299999999999999822e-01
8.149999999999999467e-01
7.299999999999999822e-01
8.149999999999999467e-01
8.149999999999999467e-01
8.149999999999999467e-01
7.399999999999999911e-01
8.149999999999999467e-01
8.149999999999999467e-01
7.249999999999999778e-01
8.149999999999999467e-01
7.349999999999999867e-01
7.950000000000000400e-01
8.149999999999999467e-01
7.199999999999999734e-01
6.999999999999999556e-01
7.850000000000000311e-01
7.199999999999999734e-01
7.199999999999999734e-01
8.149999999999999467e-01
8.149999999999999467e-01
7.249999999999999778e-01
8.149999999999999467e-01
7.249999999999999778e-01
7.099999999999999645e-01
8.149999999999999467e-01
7.349999999999999867e-01
8.149999999999999467e-01
7.399999999999999911e-01
8.149999999999999467e-01
7.349999999999999867e-01
7.199999999999999734e-01
7.299999999999999822e-01
6.800000000000000488e-01
7.349999999999999867e-01
7.249999999999999778e-01
6.999999999999999556e-01
7.049999999999999600e-01
7.299999999999999822e-01
7.249999999999999778e-01
8.149999999999999467e-01
7.349999999999999867e-01
8.149999999999999467e-01
7.249999999999999778e-01
7.299999999999999822e-01
7.099999999999999645e-01
7.399999999999999911e-01
7.299999999999999822e-01
7.099999999999999645e-01
8.149999999999999467e-01
7.299999999999999822e-01
7.449999999999999956e-01
7.099999999999999645e-01
7.099999999999999645e-01
7.750000000000000222e-01
7.349999999999999867e-01
7.349999999999999867e-01
